  1.5947  1.7188  1.4297  1.3633  1.3664  1.3902  1.3867  1.4044  1.4513  1.5388  1.5590  1.6354  1.6706  1.7217  1.7364  1.8721  1.9505  2.0377  2.0204  2.1685  2.1839
  1.7188  1.5947  1.4706  1.2226  1.1766  1.1514  1.1455  1.1477  1.1297  1.1402  1.1494  1.1489  1.1422  1.1534  1.1486  1.1619  1.1626  1.2096  1.2334  1.2109  1.2536
  1.4297  1.4706  1.4486  1.4266  1.1981  1.1366  1.1204  1.1134  1.1109  1.1071  1.1104  1.0886  1.1090  1.0952  1.0947  1.0834  1.0848  1.0944  1.0809  1.0791  1.0896
  1.3633  1.2226  1.4266  1.4155  1.4044  1.1866  1.1301  1.1195  1.0961  1.0942  1.1009  1.0894  1.0924  1.1005  1.0879  1.0872  1.0715  1.0818  1.0443  1.0465  1.0331
  1.3664  1.1766  1.1981  1.4044  1.3992  1.3939  1.1819  1.1222  1.1138  1.0940  1.0947  1.0857  1.0824  1.0899  1.0766  1.0717  1.0764  1.0688  1.0697  1.0558  1.0453
  1.3902  1.1514  1.1366  1.1866  1.3939  1.3921  1.3904  1.1706  1.1245  1.1074  1.0884  1.0864  1.0789  1.0689  1.0587  1.0441  1.0284  1.0121  0.9976  0.9780  0.9698
  1.3867  1.1455  1.1204  1.1301  1.1819  1.3904  1.3943  1.3983  1.1762  1.1272  1.1027  1.0974  1.0863  1.0712  1.0644  1.0555  1.0499  1.0351  1.0084  0.9607  0.9461
  1.4044  1.1477  1.1134  1.1195  1.1222  1.1706  1.3983  1.3931  1.3879  1.1847  1.1278  1.0984  1.0885  1.0815  1.0819  1.0694  1.0553  1.0189  1.0087  0.9898  0.9683
  1.4513  1.1297  1.1109  1.0961  1.1138  1.1245  1.1762  1.3879  1.4352  1.4825  1.1915  1.1243  1.0911  1.0885  1.0860  1.0719  1.0454  1.0432  1.0249  1.0170  0.9972
  1.5388  1.1402  1.1071  1.0942  1.0940  1.1074  1.1272  1.1847  1.4825  1.4670  1.4515  1.1744  1.1240  1.0964  1.0887  1.0818  1.0710  1.0694  1.0398  1.0249  1.0259
  1.5590  1.1494  1.1104  1.1009  1.0947  1.0884  1.1027  1.1278  1.1915  1.4515  1.4520  1.4525  1.1722  1.1098  1.0911  1.0866  1.0817  1.0800  1.0660  1.0458  1.0402
  1.6354  1.1489  1.0886  1.0894  1.0857  1.0864  1.0974  1.0984  1.1243  1.1744  1.4525  1.4562  1.4599  1.1666  1.1151  1.0898  1.0784  1.0841  1.0801  1.0680  1.0569
  1.6706  1.1422  1.1090  1.0924  1.0824  1.0789  1.0863  1.0885  1.0911  1.1240  1.1722  1.4599  1.4639  1.4679  1.1692  1.1086  1.0928  1.0931  1.0809  1.0808  1.0726
  1.7217  1.1534  1.0952  1.1005  1.0899  1.0689  1.0712  1.0815  1.0885  1.0964  1.1098  1.1666  1.4679  1.4615  1.4552  1.1617  1.1032  1.0865  1.0824  1.0759  1.0795
  1.7364  1.1486  1.0947  1.0879  1.0766  1.0587  1.0644  1.0819  1.0860  1.0887  1.0911  1.1151  1.1692  1.4552  1.4571  1.4590  1.1597  1.1015  1.0898  1.0888  1.0829
  1.8721  1.1619  1.0834  1.0872  1.0717  1.0441  1.0555  1.0694  1.0719  1.0818  1.0866  1.0898  1.1086  1.1617  1.4590  1.4688  1.4786  1.1472  1.1087  1.0904  1.0830
  1.9505  1.1626  1.0848  1.0715  1.0764  1.0284  1.0499  1.0553  1.0454  1.0710  1.0817  1.0784  1.0928  1.1032  1.1597  1.4786  1.4774  1.4762  1.1551  1.1049  1.0879
  2.0377  1.2096  1.0944  1.0818  1.0688  1.0121  1.0351  1.0189  1.0432  1.0694  1.0800  1.0841  1.0931  1.0865  1.1015  1.1472  1.4762  1.4803  1.4844  1.1529  1.1031
  2.0204  1.2334  1.0809  1.0443  1.0697  0.9976  1.0084  1.0087  1.0249  1.0398  1.0660  1.0801  1.0809  1.0824  1.0898  1.1087  1.1551  1.4844  1.5003  1.5162  1.1440
  2.1685  1.2109  1.0791  1.0465  1.0558  0.9780  0.9607  0.9898  1.0170  1.0249  1.0458  1.0680  1.0808  1.0759  1.0888  1.0904  1.1049  1.1529  1.5162  1.5205  1.5247
  2.1839  1.2536  1.0896  1.0331  1.0453  0.9698  0.9461  0.9683  0.9972  1.0259  1.0402  1.0569  1.0726  1.0795  1.0829  1.0830  1.0879  1.1031  1.1440  1.5247  1.5205
  1.5922  1.7162  1.4284  1.3608  1.3621  1.3931  1.3838  1.3979  1.4516  1.5399  1.5589  1.6295  1.6586  1.7267  1.7375  1.8645  1.9334  2.0132  2.0120  2.1549  2.1760
  1.7162  1.5922  1.4682  1.2228  1.1783  1.1503  1.1475  1.1489  1.1307  1.1402  1.1495  1.1491  1.1450  1.1516  1.1496  1.1694  1.1616  1.2105  1.2294  1.2116  1.2521
  1.4284  1.4682  1.4457  1.4232  1.1986  1.1376  1.1195  1.1136  1.1099  1.1077  1.1112  1.0903  1.1089  1.0961  1.0983  1.0829  1.0811  1.0922  1.0840  1.0813  1.0889
  1.3608  1.2228  1.4232  1.4130  1.4027  1.1858  1.1298  1.1187  1.0954  1.0934  1.0994  1.0890  1.0915  1.0990  1.0881  1.0870  1.0723  1.0813  1.0492  1.0498  1.0376
  1.3621  1.1783  1.1986  1.4027  1.3981  1.3935  1.1804  1.1210  1.1125  1.0940  1.0967  1.0870  1.0818  1.0901  1.0757  1.0712  1.0758  1.0695  1.0681  1.0525  1.0430
  1.3931  1.1503  1.1376  1.1858  1.3935  1.3910  1.3884  1.1699  1.1239  1.1071  1.0879  1.0876  1.0791  1.0693  1.0584  1.0466  1.0302  1.0147  0.9990  0.9796  0.9719
  1.3838  1.1475  1.1195  1.1298  1.1804  1.3884  1.3924  1.3963  1.1757  1.1281  1.1004  1.0964  1.0862  1.0722  1.0647  1.0554  1.0497  1.0351  1.0088  0.9620  0.9472
  1.3979  1.1489  1.1136  1.1187  1.1210  1.1699  1.3963  1.3914  1.3864  1.1843  1.1279  1.0983  1.0887  1.0814  1.0821  1.0686  1.0552  1.0212  1.0093  0.9901  0.9694
  1.4516  1.1307  1.1099  1.0954  1.1125  1.1239  1.1757  1.3864  1.4336  1.4807  1.1911  1.1246  1.0920  1.0884  1.0854  1.0732  1.0474  1.0435  1.0253  1.0169  0.9984
  1.5399  1.1402  1.1077  1.0934  1.0940  1.1071  1.1281  1.1843  1.4807  1.4652  1.4497  1.1745  1.1232  1.0979  1.0893  1.0824  1.0728  1.0693  1.0409  1.0261  1.0260
  1.5589  1.1495  1.1112  1.0994  1.0967  1.0879  1.1004  1.1279  1.1911  1.4497  1.4506  1.4515  1.1741  1.1113  1.0918  1.0881  1.0826  1.0799  1.0662  1.0465  1.0414
  1.6295  1.1491  1.0903  1.0890  1.0870  1.0876  1.0964  1.0983  1.1246  1.1745  1.4515  1.4547  1.4580  1.1683  1.1149  1.0913  1.0788  1.0847  1.0802  1.0684  1.0576
  1.6586  1.1450  1.1089  1.0915  1.0818  1.0791  1.0862  1.0887  1.0920  1.1232  1.1741  1.4580  1.4619  1.4659  1.1700  1.1093  1.0935  1.0941  1.0822  1.0811  1.0733
  1.7267  1.1516  1.0961  1.0990  1.0901  1.0693  1.0722  1.0814  1.0884  1.0979  1.1113  1.1683  1.4659  1.4599  1.4538  1.1623  1.1041  1.0864  1.0828  1.0769  1.0803
  1.7375  1.1496  1.0983  1.0881  1.0757  1.0584  1.0647  1.0821  1.0854  1.0893  1.0918  1.1149  1.1700  1.4538  1.4562  1.4585  1.1594  1.1017  1.0909  1.0887  1.0833
  1.8645  1.1694  1.0829  1.0870  1.0712  1.0466  1.0554  1.0686  1.0732  1.0824  1.0881  1.0913  1.1093  1.1623  1.4585  1.4678  1.4772  1.1486  1.1084  1.0914  1.0837
  1.9334  1.1616  1.0811  1.0723  1.0758  1.0302  1.0497  1.0552  1.0474  1.0728  1.0826  1.0788  1.0935  1.1041  1.1594  1.4772  1.4754  1.4736  1.1565  1.1061  1.0889
  2.0132  1.2105  1.0922  1.0813  1.0695  1.0147  1.0351  1.0212  1.0435  1.0693  1.0799  1.0847  1.0941  1.0864  1.1017  1.1486  1.4736  1.4784  1.4831  1.1531  1.1032
  2.0120  1.2294  1.0840  1.0492  1.0681  0.9990  1.0088  1.0093  1.0253  1.0409  1.0662  1.0802  1.0822  1.0828  1.0909  1.1084  1.1565  1.4831  1.4990  1.5149  1.1448
  2.1549  1.2116  1.0813  1.0498  1.0525  0.9796  0.9620  0.9901  1.0169  1.0261  1.0465  1.0684  1.0811  1.0769  1.0887  1.0914  1.1061  1.1531  1.5149  1.5185  1.5221
  2.1760  1.2521  1.0889  1.0376  1.0430  0.9719  0.9472  0.9694  0.9984  1.0260  1.0414  1.0576  1.0733  1.0803  1.0833  1.0837  1.0889  1.1032  1.1448  1.5221  1.5185
  2.6535  2.9540  2.2762  2.1125  2.1133  2.1646  2.1799  2.2641  2.3707  2.5455  2.6479  2.8385  2.9246  3.1001  3.1476  3.4434  3.6048  3.8012  3.8333  4.1974  4.2619
  2.9540  2.6535  2.3530  1.6809  1.5059  1.4279  1.3966  1.3872  1.3723  1.3916  1.4117  1.4255  1.4296  1.4584  1.4622  1.4902  1.4927  1.5714  1.6099  1.6177  1.6929
  2.2762  2.3530  2.2942  2.2354  1.5766  1.3722  1.3000  1.2607  1.2361  1.2260  1.2283  1.2042  1.2256  1.2164  1.2117  1.1948  1.1976  1.2131  1.2069  1.2107  1.2174
  2.1125  1.6809  2.2354  2.2108  2.1861  1.5295  1.3280  1.2600  1.2106  1.1842  1.1786  1.1596  1.1574  1.1546  1.1452  1.1443  1.1265  1.1409  1.1157  1.1186  1.1071
  2.1133  1.5059  1.5766  2.1861  2.1767  2.1673  1.5131  1.3025  1.2352  1.1855  1.1660  1.1432  1.1276  1.1291  1.1123  1.1041  1.1042  1.0902  1.0833  1.0704  1.0636
  2.1646  1.4279  1.3722  1.5295  2.1673  2.1624  2.1575  1.4947  1.2915  1.2181  1.1654  1.1402  1.1249  1.1086  1.0971  1.0854  1.0755  1.0672  1.0582  1.0432  1.0373
  2.1799  1.3966  1.3000  1.3280  1.5131  2.1575  2.1637  2.1699  1.4923  1.2936  1.2025  1.1606  1.1298  1.1104  1.1006  1.0912  1.0846  1.0750  1.0613  1.0302  1.0139
  2.2641  1.3872  1.2607  1.2600  1.3025  1.4947  2.1699  2.1630  2.1560  1.5315  1.2915  1.1937  1.1443  1.1256  1.1194  1.1065  1.1055  1.0883  1.0673  1.0423  1.0240
  2.3707  1.3723  1.2361  1.2106  1.2352  1.2915  1.4923  2.1560  2.2924  2.4287  1.5577  1.2866  1.1769  1.1418  1.1307  1.1201  1.1097  1.0980  1.0823  1.0638  1.0448
  2.5455  1.3916  1.2260  1.1842  1.1855  1.2181  1.2936  1.5315  2.4287  2.3870  2.3453  1.5170  1.2699  1.1758  1.1420  1.1357  1.1327  1.1192  1.0924  1.0735  1.0640
  2.6479  1.4117  1.2283  1.1786  1.1660  1.1654  1.2025  1.2915  1.5577  2.3453  2.3596  2.3739  1.5102  1.2476  1.1617  1.1463  1.1427  1.1319  1.1130  1.0888  1.0814
  2.8385  1.4255  1.2042  1.1596  1.1432  1.1402  1.1606  1.1937  1.2866  1.5170  2.3739  2.3883  2.4027  1.4923  1.2426  1.1561  1.1421  1.1394  1.1285  1.1092  1.0944
  2.9246  1.4296  1.2256  1.1574  1.1276  1.1249  1.1298  1.1443  1.1769  1.2699  1.5102  2.4027  2.4200  2.4373  1.4795  1.2234  1.1618  1.1545  1.1418  1.1252  1.1109
  3.1001  1.4584  1.2164  1.1546  1.1291  1.1086  1.1104  1.1256  1.1418  1.1758  1.2476  1.4923  2.4373  2.4379  2.4385  1.4603  1.2161  1.1602  1.1495  1.1316  1.1223
  3.1476  1.4622  1.2117  1.1452  1.1123  1.0971  1.1006  1.1194  1.1307  1.1420  1.1617  1.2426  1.4795  2.4385  2.4530  2.4676  1.4509  1.2092  1.1639  1.1494  1.1302
  3.4434  1.4902  1.1948  1.1443  1.1041  1.0854  1.0912  1.1065  1.1201  1.1357  1.1463  1.1561  1.2234  1.4603  2.4676  2.4952  2.5228  1.4278  1.2192  1.1669  1.1428
  3.6048  1.4927  1.1976  1.1265  1.1042  1.0755  1.0846  1.1055  1.1097  1.1327  1.1427  1.1421  1.1618  1.2161  1.4509  2.5228  2.5379  2.5529  1.4336  1.2193  1.1669
  3.8012  1.5714  1.2131  1.1409  1.0902  1.0672  1.0750  1.0883  1.0980  1.1192  1.1319  1.1394  1.1545  1.1602  1.2092  1.4278  2.5529  2.5862  2.6195  1.4280  1.2189
  3.8333  1.6099  1.2069  1.1157  1.0833  1.0582  1.0613  1.0673  1.0823  1.0924  1.1130  1.1285  1.1418  1.1495  1.1639  1.2192  1.4336  2.6195  2.6722  2.7249  1.4205
  4.1974  1.6177  1.2107  1.1186  1.0704  1.0432  1.0302  1.0423  1.0638  1.0735  1.0888  1.1092  1.1252  1.1316  1.1494  1.1669  1.2193  1.4280  2.7249  2.7619  2.7990
  4.2619  1.6929  1.2174  1.1071  1.0636  1.0373  1.0139  1.0240  1.0448  1.0640  1.0814  1.0944  1.1109  1.1223  1.1302  1.1428  1.1669  1.2189  1.4205  2.7990  2.7619
  2.6480  2.9448  2.2732  2.1083  2.1070  2.1586  2.1719  2.2562  2.3602  2.5374  2.6272  2.8243  2.9286  3.0997  3.1505  3.4390  3.5750  3.7862  3.8311  4.1625  4.2211
  2.9448  2.6480  2.3511  1.6774  1.5040  1.4277  1.3908  1.3859  1.3752  1.3943  1.4039  1.4175  1.4304  1.4536  1.4627  1.4868  1.4962  1.5784  1.6117  1.6139  1.6910
  2.2732  2.3511  2.2908  2.2305  1.5750  1.3697  1.2990  1.2613  1.2379  1.2294  1.2298  1.2017  1.2270  1.2113  1.2111  1.1932  1.1984  1.2105  1.2080  1.2085  1.2212
  2.1083  1.6774  2.2305  2.2055  2.1806  1.5289  1.3301  1.2607  1.2084  1.1830  1.1787  1.1617  1.1562  1.1590  1.1483  1.1454  1.1311  1.1429  1.1171  1.1248  1.1072
  2.1070  1.5040  1.5750  2.1806  2.1687  2.1569  1.5108  1.3037  1.2349  1.1849  1.1638  1.1436  1.1298  1.1353  1.1159  1.1081  1.1066  1.0946  1.0907  1.0778  1.0731
  2.1586  1.4277  1.3697  1.5289  2.1569  2.1523  2.1476  1.4928  1.2924  1.2175  1.1632  1.1423  1.1281  1.1103  1.1003  1.0895  1.0816  1.0739  1.0679  1.0533  1.0482
  2.1719  1.3908  1.2990  1.3301  1.5108  2.1476  2.1553  2.1630  1.4923  1.2951  1.2050  1.1593  1.1340  1.1130  1.1039  1.0966  1.0934  1.0830  1.0715  1.0408  1.0252
  2.2562  1.3859  1.2613  1.2607  1.3037  1.4928  2.1630  2.1555  2.1480  1.5306  1.2918  1.1953  1.1485  1.1293  1.1250  1.1126  1.1150  1.0989  1.0776  1.0516  1.0329
  2.3602  1.3752  1.2379  1.2084  1.2349  1.2924  1.4923  2.1480  2.2826  2.4172  1.5574  1.2852  1.1788  1.1449  1.1359  1.1275  1.1198  1.1086  1.0914  1.0727  1.0515
  2.5374  1.3943  1.2294  1.1830  1.1849  1.2175  1.2951  1.5306  2.4172  2.3768  2.3364  1.5164  1.2712  1.1786  1.1475  1.1429  1.1436  1.1289  1.1012  1.0807  1.0708
  2.6272  1.4039  1.2298  1.1787  1.1638  1.1632  1.2050  1.2918  1.5574  2.3364  2.3510  2.3656  1.5068  1.2484  1.1668  1.1515  1.1537  1.1426  1.1222  1.0964  1.0869
  2.8243  1.4175  1.2017  1.1617  1.1436  1.1423  1.1593  1.1953  1.2852  1.5164  2.3656  2.3810  2.3963  1.4896  1.2459  1.1626  1.1504  1.1499  1.1382  1.1169  1.1007
  2.9286  1.4304  1.2270  1.1562  1.1298  1.1281  1.1340  1.1485  1.1788  1.2712  1.5068  2.3963  2.4129  2.4295  1.4802  1.2282  1.1698  1.1646  1.1512  1.1337  1.1172
  3.0997  1.4536  1.2113  1.1590  1.1353  1.1103  1.1130  1.1293  1.1449  1.1786  1.2484  1.4896  2.4295  2.4301  2.4307  1.4621  1.2197  1.1690  1.1597  1.1397  1.1285
  3.1505  1.4627  1.2111  1.1483  1.1159  1.1003  1.1039  1.1250  1.1359  1.1475  1.1668  1.2459  1.4802  2.4307  2.4461  2.4615  1.4510  1.2154  1.1739  1.1595  1.1370
  3.4390  1.4868  1.1932  1.1454  1.1081  1.0895  1.0966  1.1126  1.1275  1.1429  1.1515  1.1626  1.2282  1.4621  2.4615  2.4908  2.5201  1.4312  1.2264  1.1761  1.1508
  3.5750  1.4962  1.1984  1.1311  1.1066  1.0816  1.0934  1.1150  1.1198  1.1436  1.1537  1.1504  1.1698  1.2197  1.4510  2.5201  2.5337  2.5473  1.4364  1.2285  1.1771
  3.7862  1.5784  1.2105  1.1429  1.0946  1.0739  1.0830  1.0989  1.1086  1.1289  1.1426  1.1499  1.1646  1.1690  1.2154  1.4312  2.5473  2.5790  2.6108  1.4327  1.2270
  3.8311  1.6117  1.2080  1.1171  1.0907  1.0679  1.0715  1.0776  1.0914  1.1012  1.1222  1.1382  1.1512  1.1597  1.1739  1.2264  1.4364  2.6108  2.6648  2.7188  1.4251
  4.1625  1.6139  1.2085  1.1248  1.0778  1.0533  1.0408  1.0516  1.0727  1.0807  1.0964  1.1169  1.1337  1.1397  1.1595  1.1761  1.2285  1.4327  2.7188  2.7574  2.7960
  4.2211  1.6910  1.2212  1.1072  1.0731  1.0482  1.0252  1.0329  1.0515  1.0708  1.0869  1.1007  1.1172  1.1285  1.1370  1.1508  1.1771  1.2270  1.4251  2.7960  2.7574
  3.4470  3.8590  2.9525  2.7384  2.7488  2.8274  2.8711  2.9811  3.1248  3.4229  3.5418  3.7522  3.9097  4.1881  4.3058  4.7347  4.9268  5.2284  5.3133  5.7906  5.8564
  3.8590  3.4470  3.0350  2.0821  1.8215  1.6984  1.6557  1.6422  1.6208  1.6438  1.6810  1.7021  1.7175  1.7740  1.7954  1.8457  1.8578  1.9722  2.0247  2.0204  2.1375
  2.9525  3.0350  2.9504  2.8657  1.9226  1.6161  1.4970  1.4307  1.3885  1.3725  1.3705  1.3394  1.3655  1.3500  1.3587  1.3358  1.3413  1.3544  1.3517  1.3480  1.3621
  2.7384  2.0821  2.8657  2.8292  2.7928  1.8566  1.5489  1.4267  1.3366  1.2985  1.2771  1.2488  1.2455  1.2374  1.2181  1.2174  1.1986  1.2112  1.1907  1.1982  1.1899
  2.7488  1.8215  1.9226  2.7928  2.7812  2.7697  1.8308  1.5057  1.3800  1.2937  1.2568  1.2222  1.1973  1.1953  1.1703  1.1654  1.1696  1.1622  1.1644  1.1575  1.1641
  2.8274  1.6984  1.6161  1.8566  2.7697  2.7668  2.7640  1.8087  1.4826  1.3499  1.2578  1.2232  1.1920  1.1742  1.1637  1.1557  1.1516  1.1578  1.1647  1.1622  1.1687
  2.8711  1.6557  1.4970  1.5489  1.8308  2.7640  2.7754  2.7868  1.8040  1.4907  1.3261  1.2522  1.2052  1.1748  1.1722  1.1686  1.1764  1.1798  1.1778  1.1541  1.1356
  2.9811  1.6422  1.4307  1.4267  1.5057  1.8087  2.7868  2.7810  2.7751  1.8713  1.4881  1.3111  1.2325  1.1977  1.1984  1.1934  1.2059  1.2027  1.1791  1.1458  1.1217
  3.1248  1.6208  1.3885  1.3366  1.3800  1.4826  1.8040  2.7751  2.9738  3.1724  1.9256  1.4850  1.2935  1.2281  1.2131  1.2123  1.2190  1.2086  1.1842  1.1553  1.1259
  3.4229  1.6438  1.3725  1.2985  1.2937  1.3499  1.4907  1.8713  3.1724  3.1177  3.0629  1.8691  1.4532  1.2853  1.2373  1.2304  1.2437  1.2267  1.1898  1.1574  1.1368
  3.5418  1.6810  1.3705  1.2771  1.2568  1.2578  1.3261  1.4881  1.9256  3.0629  3.0874  3.1119  1.8602  1.4219  1.2732  1.2469  1.2576  1.2417  1.2080  1.1686  1.1508
  3.7522  1.7021  1.3394  1.2488  1.2222  1.2232  1.2522  1.3111  1.4850  1.8691  3.1119  3.1390  3.1660  1.8440  1.4134  1.2732  1.2587  1.2530  1.2260  1.1900  1.1632
  3.9097  1.7175  1.3655  1.2455  1.1973  1.1920  1.2052  1.2325  1.2935  1.4532  1.8602  3.1660  3.1927  3.2194  1.8273  1.3916  1.2860  1.2794  1.2511  1.2109  1.1813
  4.1881  1.7740  1.3500  1.2374  1.1953  1.1742  1.1748  1.1977  1.2281  1.2853  1.4219  1.8440  3.2194  3.2284  3.2374  1.8049  1.3808  1.2944  1.2722  1.2280  1.1976
  4.3058  1.7954  1.3587  1.2181  1.1703  1.1637  1.1722  1.1984  1.2131  1.2373  1.2732  1.4134  1.8273  3.2374  3.2674  3.2974  1.7942  1.3820  1.3044  1.2641  1.2162
  4.7347  1.8457  1.3358  1.2174  1.1654  1.1557  1.1686  1.1934  1.2123  1.2304  1.2469  1.2732  1.3916  1.8049  3.2974  3.3450  3.3927  1.7708  1.3985  1.3072  1.2465
  4.9268  1.8578  1.3413  1.1986  1.1696  1.1516  1.1764  1.2059  1.2190  1.2437  1.2576  1.2587  1.2860  1.3808  1.7942  3.3927  3.4239  3.4552  1.7820  1.4048  1.3044
  5.2284  1.9722  1.3544  1.2112  1.1622  1.1578  1.1798  1.2027  1.2086  1.2267  1.2417  1.2530  1.2794  1.2944  1.3820  1.7708  3.4552  3.5129  3.5707  1.7857  1.4142
  5.3133  2.0247  1.3517  1.1907  1.1644  1.1647  1.1778  1.1791  1.1842  1.1898  1.2080  1.2260  1.2511  1.2722  1.3044  1.3985  1.7820  3.5707  3.6628  3.7548  1.7863
  5.7906  2.0204  1.3480  1.1982  1.1575  1.1622  1.1541  1.1458  1.1553  1.1574  1.1686  1.1900  1.2109  1.2280  1.2641  1.3072  1.4048  1.7857  3.7548  3.8247  3.8946
  5.8564  2.1375  1.3621  1.1899  1.1641  1.1687  1.1356  1.1217  1.1259  1.1368  1.1508  1.1632  1.1813  1.1976  1.2162  1.2465  1.3044  1.4142  1.7863  3.8946  3.8247
  3.4378  3.8481  2.9473  2.7333  2.7408  2.8241  2.8712  2.9788  3.1296  3.4066  3.5300  3.7507  3.9240  4.1701  4.2674  4.6894  4.9375  5.2235  5.2418  5.7069  5.8056
  3.8481  3.4378  3.0276  2.0778  1.8238  1.6994  1.6502  1.6413  1.6192  1.6396  1.6805  1.7069  1.7144  1.7664  1.7872  1.8365  1.8428  1.9493  2.0100  2.0107  2.1166
  2.9473  3.0276  2.9444  2.8612  1.9183  1.6164  1.4981  1.4292  1.3880  1.3724  1.3683  1.3434  1.3659  1.3479  1.3547  1.3477  1.3427  1.3565  1.3611  1.3661  1.3715
  2.7333  2.0778  2.8612  2.8236  2.7860  1.8540  1.5473  1.4238  1.3391  1.3026  1.2817  1.2521  1.2463  1.2404  1.2225  1.2265  1.2051  1.2239  1.1990  1.2075  1.2020
  2.7408  1.8238  1.9183  2.7860  2.7742  2.7624  1.8275  1.5055  1.3814  1.2972  1.2627  1.2271  1.2006  1.1999  1.1781  1.1773  1.1827  1.1747  1.1806  1.1786  1.1898
  2.8241  1.6994  1.6164  1.8540  2.7624  2.7600  2.7577  1.8052  1.4851  1.3528  1.2662  1.2286  1.1970  1.1811  1.1764  1.1706  1.1709  1.1832  1.1943  1.1924  1.2044
  2.8712  1.6502  1.4981  1.5473  1.8275  2.7577  2.7694  2.7810  1.8049  1.4900  1.3291  1.2571  1.2144  1.1888  1.1898  1.1906  1.2006  1.2093  1.2094  1.1856  1.1649
  2.9788  1.6413  1.4292  1.4238  1.5055  1.8052  2.7810  2.7753  2.7696  1.8699  1.4883  1.3174  1.2400  1.2104  1.2135  1.2143  1.2341  1.2322  1.2084  1.1735  1.1448
  3.1296  1.6192  1.3880  1.3391  1.3814  1.4851  1.8049  2.7696  2.9674  3.1651  1.9243  1.4900  1.3022  1.2408  1.2317  1.2347  1.2471  1.2379  1.2115  1.1789  1.1459
  3.4066  1.6396  1.3724  1.3026  1.2972  1.3528  1.4900  1.8699  3.1651  3.1098  3.0544  1.8674  1.4566  1.2952  1.2522  1.2533  1.2739  1.2551  1.2139  1.1773  1.1551
  3.5300  1.6805  1.3683  1.2817  1.2627  1.2662  1.3291  1.4883  1.9243  3.0544  3.0784  3.1025  1.8608  1.4265  1.2880  1.2685  1.2848  1.2701  1.2321  1.1890  1.1680
  3.7507  1.7069  1.3434  1.2521  1.2271  1.2286  1.2571  1.3174  1.4900  1.8674  3.1025  3.1292  3.1560  1.8419  1.4215  1.2922  1.2841  1.2814  1.2503  1.2104  1.1794
  3.9240  1.7144  1.3659  1.2463  1.2006  1.1970  1.2144  1.2400  1.3022  1.4566  1.8608  3.1560  3.1831  3.2103  1.8318  1.4030  1.3099  1.3055  1.2758  1.2322  1.1979
  4.1701  1.7664  1.3479  1.2404  1.1999  1.1811  1.1888  1.2104  1.2408  1.2952  1.4265  1.8419  3.2103  3.2199  3.2295  1.8081  1.3971  1.3205  1.3001  1.2499  1.2151
  4.2674  1.7872  1.3547  1.2225  1.1781  1.1764  1.1898  1.2135  1.2317  1.2522  1.2880  1.4215  1.8318  3.2295  3.2565  3.2834  1.7978  1.3990  1.3322  1.2890  1.2358
  4.6894  1.8365  1.3477  1.2265  1.1773  1.1706  1.1906  1.2143  1.2347  1.2533  1.2685  1.2922  1.4030  1.8081  3.2834  3.3333  3.3832  1.7781  1.4211  1.3367  1.2688
  4.9375  1.8428  1.3427  1.2051  1.1827  1.1709  1.2006  1.2341  1.2471  1.2739  1.2848  1.2841  1.3099  1.3971  1.7978  3.3832  3.4157  3.4483  1.7875  1.4316  1.3308
  5.2235  1.9493  1.3565  1.2239  1.1747  1.1832  1.2093  1.2322  1.2379  1.2551  1.2701  1.2814  1.3055  1.3205  1.3990  1.7781  3.4483  3.5046  3.5610  1.7971  1.4428
  5.2418  2.0100  1.3611  1.1990  1.1806  1.1943  1.2094  1.2084  1.2115  1.2139  1.2321  1.2503  1.2758  1.3001  1.3322  1.4211  1.7875  3.5610  3.6479  3.7347  1.8068
  5.7069  2.0107  1.3661  1.2075  1.1786  1.1924  1.1856  1.1735  1.1789  1.1773  1.1890  1.2104  1.2322  1.2499  1.2890  1.3367  1.4316  1.7971  3.7347  3.8081  3.8814
  5.8056  2.1166  1.3715  1.2020  1.1898  1.2044  1.1649  1.1448  1.1459  1.1551  1.1680  1.1794  1.1979  1.2151  1.2358  1.2688  1.3308  1.4428  1.8068  3.8814  3.8081
  4.5395  5.0914  3.8651  3.6086  3.6463  3.7785  3.8683  4.0334  4.2517  4.6671  4.8371  5.2039  5.4146  5.7670  5.9162  6.5342  6.8843  7.3290  7.3938  8.0084  8.2378
  5.0914  4.5395  3.9876  2.6696  2.3028  2.1368  2.0591  2.0451  2.0231  2.0582  2.1123  2.1544  2.1871  2.2715  2.3240  2.3922  2.4290  2.5927  2.6666  2.6963  2.8701
  3.8651  3.9876  3.8692  3.7509  2.4385  1.9960  1.8227  1.7239  1.6621  1.6357  1.6256  1.5944  1.6160  1.6018  1.6137  1.6148  1.6130  1.6504  1.6460  1.6651  1.6925
  3.6086  2.6696  3.7509  3.7046  3.6583  2.3447  1.8996  1.7136  1.5752  1.5187  1.4851  1.4466  1.4367  1.4263  1.4154  1.4234  1.4194  1.4603  1.4554  1.4980  1.5138
  3.6463  2.3028  2.4385  3.6583  3.6435  3.6286  2.3072  1.8397  1.6393  1.5157  1.4566  1.4064  1.3791  1.3892  1.3817  1.3962  1.4326  1.4681  1.5251  1.5749  1.6498
  3.7785  2.1368  1.9960  2.3447  3.6286  3.6268  3.6251  2.2820  1.8126  1.6113  1.4710  1.4150  1.3848  1.3825  1.4040  1.4396  1.4877  1.5404  1.5930  1.6373  1.6829
  3.8683  2.0591  1.8227  1.8996  2.3072  3.6251  3.6403  3.6555  2.2833  1.8349  1.5835  1.4731  1.4172  1.4119  1.4467  1.4942  1.5514  1.5950  1.6139  1.5824  1.5410
  4.0334  2.0451  1.7239  1.7136  1.8397  2.2820  3.6555  3.6505  3.6456  2.3923  1.8409  1.5763  1.4713  1.4526  1.4972  1.5425  1.5991  1.6090  1.5653  1.4980  1.4360
  4.2517  2.0231  1.6621  1.5752  1.6393  1.8126  2.2833  3.6456  3.9290  4.2125  2.4895  1.8599  1.5762  1.5045  1.5268  1.5742  1.6111  1.5916  1.5319  1.4570  1.3893
  4.6671  2.0582  1.6357  1.5187  1.5157  1.6113  1.8349  2.3923  4.2125  4.1341  4.0558  2.4174  1.8280  1.5851  1.5504  1.5965  1.6368  1.5995  1.5089  1.4290  1.3730
  4.8371  2.1123  1.6256  1.4851  1.4566  1.4710  1.5835  1.8409  2.4895  4.0558  4.0955  4.1353  2.4261  1.8024  1.6046  1.6126  1.6557  1.6143  1.5218  1.4291  1.3745
  5.2039  2.1544  1.5944  1.4466  1.4064  1.4150  1.4731  1.5763  1.8599  2.4174  4.1353  4.1782  4.2211  2.4215  1.8115  1.6465  1.6598  1.6407  1.5491  1.4519  1.3815
  5.4146  2.1871  1.6160  1.4367  1.3791  1.3848  1.4172  1.4713  1.5762  1.8280  2.4261  4.2211  4.2613  4.3015  2.4332  1.8147  1.7011  1.6969  1.6004  1.4857  1.4047
  5.7670  2.2715  1.6018  1.4263  1.3892  1.3825  1.4119  1.4526  1.5045  1.5851  1.8024  2.4215  4.3015  4.3192  4.3368  2.4320  1.8320  1.7345  1.6684  1.5333  1.4370
  5.9162  2.3240  1.6137  1.4154  1.3817  1.4040  1.4467  1.4972  1.5268  1.5504  1.6046  1.8115  2.4332  4.3368  4.3839  4.4310  2.4449  1.8700  1.7604  1.6247  1.4858
  6.5342  2.3922  1.6148  1.4234  1.3962  1.4396  1.4942  1.5425  1.5742  1.5965  1.6126  1.6465  1.8147  2.4320  4.4310  4.5083  4.5855  2.4402  1.9260  1.7523  1.5700
  6.8843  2.4290  1.6130  1.4194  1.4326  1.4877  1.5514  1.5991  1.6111  1.6368  1.6557  1.6598  1.7011  1.8320  2.4449  4.5855  4.6429  4.7003  2.4993  1.9662  1.7215
  7.3290  2.5927  1.6504  1.4603  1.4681  1.5404  1.5950  1.6090  1.5916  1.5995  1.6143  1.6407  1.6969  1.7345  1.8700  2.4402  4.7003  4.7928  4.8852  2.5524  1.9834
  7.3938  2.6666  1.6460  1.4554  1.5251  1.5930  1.6139  1.5653  1.5319  1.5089  1.5218  1.5491  1.6004  1.6684  1.7604  1.9260  2.4993  4.8852  5.0265  5.1677  2.6019
  8.0084  2.6963  1.6651  1.4980  1.5749  1.6373  1.5824  1.4980  1.4570  1.4290  1.4291  1.4519  1.4857  1.5333  1.6247  1.7523  1.9662  2.5524  5.1677  5.3003  5.4329
  8.2378  2.8701  1.6925  1.5138  1.6498  1.6829  1.5410  1.4360  1.3893  1.3730  1.3745  1.3815  1.4047  1.4370  1.4858  1.5700  1.7215  1.9834  2.6019  5.4329  5.3003
  4.5300  5.0748  3.8593  3.6020  3.6395  3.7884  3.8639  4.0181  4.2203  4.6459  4.8086  5.1701  5.3977  5.7285  5.9102  6.5130  6.8529  7.2905  7.3554  7.9605  8.1464
  5.0748  4.5300  3.9852  2.6657  2.3000  2.1367  2.0626  2.0464  2.0281  2.0557  2.1022  2.1549  2.1869  2.2611  2.3110  2.4052  2.4258  2.5778  2.6856  2.6833  2.8444
  3.8593  3.9852  3.8668  3.7483  2.4367  1.9997  1.8306  1.7290  1.6643  1.6398  1.6324  1.5999  1.6253  1.6096  1.6238  1.6199  1.6263  1.6666  1.6680  1.6843  1.7250
  3.6020  2.6657  3.7483  3.6984  3.6486  2.3421  1.9025  1.7147  1.5790  1.5220  1.4935  1.4571  1.4489  1.4472  1.4442  1.4582  1.4582  1.5110  1.5177  1.5685  1.6067
  3.6395  2.3000  2.4367  3.6486  3.6326  3.6167  2.3047  1.8437  1.6489  1.5271  1.4684  1.4260  1.4095  1.4272  1.4273  1.4516  1.5016  1.5566  1.6305  1.6934  1.7769
  3.7884  2.1367  1.9997  2.3421  3.6167  3.6162  3.6157  2.2786  1.8124  1.6185  1.4916  1.4392  1.4180  1.4293  1.4649  1.5141  1.5745  1.6409  1.7141  1.7628  1.8120
  3.8639  2.0626  1.8306  1.9025  2.3047  3.6157  3.6314  3.6471  2.2806  1.8383  1.5957  1.4984  1.4583  1.4641  1.5136  1.5802  1.6499  1.6994  1.7229  1.6895  1.6401
  4.0181  2.0464  1.7290  1.7147  1.8437  2.2786  3.6471  3.6426  3.6382  2.3904  1.8507  1.6010  1.5090  1.5097  1.5690  1.6315  1.6987  1.7095  1.6582  1.5815  1.5092
  4.2203  2.0281  1.6643  1.5790  1.6489  1.8124  2.2806  3.6382  3.9157  4.1932  2.4884  1.8705  1.6115  1.5622  1.6036  1.6660  1.7108  1.6856  1.6144  1.5279  1.4504
  4.6459  2.0557  1.6398  1.5220  1.5271  1.6185  1.8383  2.3904  4.1932  4.1165  4.0398  2.4173  1.8449  1.6318  1.6188  1.6854  1.7308  1.6863  1.5843  1.4914  1.4269
  4.8086  2.1022  1.6324  1.4935  1.4684  1.4916  1.5957  1.8507  2.4884  4.0398  4.0793  4.1188  2.4280  1.8329  1.6673  1.6959  1.7508  1.7009  1.5941  1.4886  1.4241
  5.1701  2.1549  1.5999  1.4571  1.4260  1.4392  1.4984  1.6010  1.8705  2.4173  4.1188  4.1619  4.2050  2.4252  1.8515  1.7199  1.7558  1.7320  1.6224  1.5111  1.4309
  5.3977  2.1869  1.6253  1.4489  1.4095  1.4180  1.4583  1.5090  1.6115  1.8449  2.4280  4.2050  4.2491  4.2933  2.4431  1.8666  1.7846  1.7890  1.6801  1.5484  1.4552
  5.7285  2.2611  1.6096  1.4472  1.4272  1.4293  1.4641  1.5097  1.5622  1.6318  1.8329  2.4252  4.2933  4.3125  4.3316  2.4501  1.8985  1.8303  1.7581  1.6012  1.4884
  5.9102  2.3110  1.6238  1.4442  1.4273  1.4649  1.5136  1.5690  1.6036  1.6188  1.6673  1.8515  2.4431  4.3316  4.3784  4.4251  2.4661  1.9445  1.8561  1.7043  1.5436
  6.5130  2.4052  1.6199  1.4582  1.4516  1.5141  1.5802  1.6315  1.6660  1.6854  1.6959  1.7199  1.8666  2.4501  4.4251  4.5038  4.5824  2.4795  2.0145  1.8445  1.6385
  6.8529  2.4258  1.6263  1.4582  1.5016  1.5745  1.6499  1.6987  1.7108  1.7308  1.7508  1.7558  1.7846  1.8985  2.4661  4.5824  4.6399  4.6974  2.5451  2.0624  1.8055
  7.2905  2.5778  1.6666  1.5110  1.5566  1.6409  1.6994  1.7095  1.6856  1.6863  1.7009  1.7320  1.7890  1.8303  1.9445  2.4795  4.6974  4.7942  4.8910  2.6122  2.0850
  7.3554  2.6856  1.6680  1.5177  1.6305  1.7141  1.7229  1.6582  1.6144  1.5843  1.5941  1.6224  1.6801  1.7581  1.8561  2.0145  2.5451  4.8910  5.0344  5.1779  2.6770
  7.9605  2.6833  1.6843  1.5685  1.6934  1.7628  1.6895  1.5815  1.5279  1.4914  1.4886  1.5111  1.5484  1.6012  1.7043  1.8445  2.0624  2.6122  5.1779  5.3095  5.4412
  8.1464  2.8444  1.7250  1.6067  1.7769  1.8120  1.6401  1.5092  1.4504  1.4269  1.4241  1.4309  1.4552  1.4884  1.5436  1.6385  1.8055  2.0850  2.6770  5.4412  5.3095
  6.7730  7.6185  5.6677  5.3544  5.4471  5.6880  5.8601  6.1298  6.4991  7.1252  7.4586  7.9855  8.4040  9.0066  9.2054 10.1430 10.7045 11.4125 11.4983 12.5584 12.9342
  7.6185  6.7730  5.9275  3.8676  3.3081  3.0503  2.9376  2.9199  2.8969  2.9680  3.0457  3.1375  3.2052  3.3333  3.4140  3.5640  3.6468  3.8716  4.0569  4.1303  4.4194
  5.6677  5.9275  5.7415  5.5554  3.5195  2.8324  2.5462  2.3845  2.2917  2.2747  2.2643  2.2379  2.3038  2.3237  2.3946  2.4456  2.5521  2.6956  2.7981  2.9578  3.1784
  5.3544  3.8676  5.5554  5.4831  5.4107  3.3805  2.6755  2.3696  2.1680  2.1003  2.0868  2.0727  2.1308  2.2222  2.3159  2.4669  2.6308  2.9016  3.1086  3.4393  3.7413
  5.4471  3.3081  3.5195  5.4107  5.3864  5.3621  3.3306  2.5944  2.2878  2.1294  2.0979  2.1116  2.1903  2.3442  2.5004  2.7213  2.9940  3.2609  3.5823  3.8764  4.2060
  5.6880  3.0503  2.8324  3.3805  5.3621  5.3608  5.3595  3.3078  2.5785  2.3054  2.1762  2.2045  2.3003  2.4777  2.6969  2.9453  3.1994  3.4324  3.6515  3.7952  3.8828
  5.8601  2.9376  2.5462  2.6755  3.3306  5.3595  5.3851  5.4108  3.3277  2.6646  2.3662  2.3280  2.4157  2.5937  2.8294  3.0749  3.2877  3.4015  3.4153  3.2727  3.0932
  6.1298  2.9199  2.3845  2.3696  2.5944  3.3078  5.4108  5.4078  5.4048  3.5368  2.7644  2.4984  2.5208  2.6932  2.9460  3.1429  3.2858  3.2500  3.0533  2.8052  2.5812
  6.4991  2.8969  2.2917  2.1680  2.2878  2.5785  3.3277  5.4048  5.8435  6.2821  3.7407  2.9055  2.6727  2.7810  2.9993  3.1824  3.2340  3.0784  2.8189  2.5534  2.3306
  7.1252  2.9680  2.2747  2.1003  2.1294  2.3054  2.6646  3.5368  6.2821  6.1723  6.0624  3.6924  2.9740  2.8485  3.0067  3.1904  3.2247  3.0080  2.6768  2.4023  2.2064
  7.4586  3.0457  2.2643  2.0868  2.0979  2.1762  2.3662  2.7644  3.7407  6.0624  6.1252  6.1880  3.8045  3.0844  3.0508  3.2143  3.2692  3.0188  2.6619  2.3535  2.1557
  7.9855  3.1375  2.2379  2.0727  2.1116  2.2045  2.3280  2.4984  2.9055  3.6924  6.1880  6.2665  6.3450  3.9070  3.2586  3.2369  3.3198  3.1124  2.7193  2.3789  2.1449
  8.4040  3.2052  2.3038  2.1308  2.1903  2.3003  2.4157  2.5208  2.6727  2.9740  3.8045  6.3450  6.4240  6.5030  4.0619  3.4137  3.4190  3.3115  2.8764  2.4620  2.1856
  9.0066  3.3333  2.3237  2.2222  2.3442  2.4777  2.5937  2.6932  2.7810  2.8485  3.0844  3.9070  6.5030  6.5531  6.6031  4.2036  3.5853  3.5045  3.1331  2.6135  2.2656
  9.2054  3.4140  2.3946  2.3159  2.5004  2.6969  2.8294  2.9460  2.9993  3.0067  3.0508  3.2586  4.0619  6.6031  6.6978  6.7925  4.3645  3.7612  3.4999  2.9186  2.4176
 10.1430  3.5640  2.4456  2.4669  2.7213  2.9453  3.0749  3.1429  3.1824  3.1904  3.2143  3.2369  3.4137  4.2036  6.7925  6.9482  7.1040  4.4890  3.9441  3.3877  2.6970
 10.7045  3.6468  2.5521  2.6308  2.9940  3.1994  3.2877  3.2858  3.2340  3.2247  3.2692  3.3198  3.4190  3.5853  4.3645  7.1040  7.2375  7.3710  4.7496  4.0426  3.2096
 11.4125  3.8716  2.6956  2.9016  3.2609  3.4324  3.4015  3.2500  3.0784  3.0080  3.0188  3.1124  3.3115  3.5045  3.7612  4.4890  7.3710  7.5785  7.7860  5.0044  4.0529
 11.4983  4.0569  2.7981  3.1086  3.5823  3.6515  3.4153  3.0533  2.8189  2.6768  2.6619  2.7193  2.8764  3.1331  3.4999  3.9441  4.7496  7.7860  8.0779  8.3699  5.2444
 12.5584  4.1303  2.9578  3.4393  3.8764  3.7952  3.2727  2.8052  2.5534  2.4023  2.3535  2.3789  2.4620  2.6135  2.9186  3.3877  4.0426  5.0044  8.3699  8.6556  8.9413
 12.9342  4.4194  3.1784  3.7413  4.2060  3.8828  3.0932  2.5812  2.3306  2.2064  2.1557  2.1449  2.1856  2.2656  2.4176  2.6970  3.2096  4.0529  5.2444  8.9413  8.6556
  6.7812  7.6456  5.6846  5.3473  5.4365  5.6718  5.8494  6.1429  6.4935  7.1033  7.4313  7.9840  8.3533  8.9254  9.1628 10.1059 10.6496 11.3355 11.4903 12.5459 12.8250
  7.6456  6.7812  5.9167  3.8786  3.3161  3.0502  2.9367  2.9288  2.9085  2.9559  3.0504  3.1402  3.1904  3.3177  3.4179  3.5660  3.6215  3.8756  4.0755  4.1244  4.4058
  5.6846  5.9167  5.7426  5.5686  3.5234  2.8380  2.5489  2.3909  2.3070  2.2846  2.2830  2.2717  2.3468  2.3721  2.4605  2.5488  2.6778  2.8664  3.0178  3.2050  3.4781
  5.3473  3.8786  5.5686  5.5015  5.4344  3.3854  2.6752  2.3844  2.1940  2.1358  2.1378  2.1582  2.2480  2.3649  2.5018  2.7067  2.9137  3.2610  3.5403  3.9304  4.3233
  5.4365  3.3161  3.5234  5.4344  5.4101  5.3859  3.3321  2.6029  2.3137  2.1763  2.1791  2.2328  2.3468  2.5661  2.7729  3.0523  3.3838  3.7226  4.0990  4.4570  4.8462
  5.6718  3.0502  2.8380  3.3854  5.3859  5.3811  5.3763  3.3132  2.5958  2.3570  2.2636  2.3374  2.4944  2.7342  3.0112  3.3113  3.6122  3.9022  4.1439  4.2964  4.3999
  5.8494  2.9367  2.5489  2.6752  3.3321  5.3763  5.4038  5.4313  3.3373  2.6993  2.4487  2.4691  2.6248  2.8658  3.1716  3.4645  3.7001  3.8252  3.8292  3.6524  3.4350
  6.1429  2.9288  2.3909  2.3844  2.6029  3.3132  5.4313  5.4275  5.4236  3.5511  2.8216  2.6260  2.7287  2.9685  3.2797  3.5199  3.6773  3.6198  3.3865  3.0923  2.8258
  6.4935  2.9085  2.3070  2.1940  2.3137  2.5958  3.3373  5.4236  5.8560  6.2885  3.7585  2.9943  2.8516  3.0514  3.3410  3.5571  3.6043  3.4076  3.0991  2.7881  2.5294
  7.1033  2.9559  2.2846  2.1358  2.1763  2.3570  2.6993  3.5511  6.2885  6.1778  6.0671  3.7361  3.1004  3.0825  3.3180  3.5577  3.5839  3.3176  2.9288  2.6092  2.3803
  7.4313  3.0504  2.2830  2.1378  2.1791  2.2636  2.4487  2.8216  3.7585  6.0671  6.1295  6.1918  3.8599  3.2516  3.3228  3.5663  3.6253  3.3215  2.9015  2.5463  2.3162
  7.9840  3.1402  2.2717  2.1582  2.2328  2.3374  2.4691  2.6260  2.9943  3.7361  6.1918  6.2711  6.3503  3.9814  3.4785  3.5581  3.6741  3.4246  2.9628  2.5711  2.3017
  8.3533  3.1904  2.3468  2.2480  2.3468  2.4944  2.6248  2.7287  2.8516  3.1004  3.8599  6.3503  6.4316  6.5130  4.1558  3.6773  3.7678  3.6549  3.1412  2.6605  2.3432
  8.9254  3.3177  2.3721  2.3649  2.5661  2.7342  2.8658  2.9685  3.0514  3.0825  3.2516  3.9814  6.5130  6.5585  6.6040  4.3229  3.8829  3.8591  3.4341  2.8340  2.4310
  9.1628  3.4179  2.4605  2.5018  2.7729  3.0112  3.1716  3.2797  3.3410  3.3180  3.3228  3.4785  4.1558  6.6040  6.7106  6.8171  4.5296  4.0968  3.8471  3.1763  2.6022
 10.1059  3.5660  2.5488  2.7067  3.0523  3.3113  3.4645  3.5199  3.5571  3.5577  3.5663  3.5581  3.6773  4.3229  6.8171  6.9820  7.1470  4.7523  4.3064  3.7051  2.9155
 10.6496  3.6215  2.6778  2.9137  3.3838  3.6122  3.7001  3.6773  3.6043  3.5839  3.6253  3.6741  3.7678  3.8829  4.5296  7.1470  7.2881  7.4292  5.0429  4.4082  3.4915
 11.3355  3.8756  2.8664  3.2610  3.7226  3.9022  3.8252  3.6198  3.4076  3.3176  3.3215  3.4246  3.6549  3.8591  4.0968  4.7523  7.4292  7.6470  7.8648  5.3367  4.4210
 11.4903  4.0755  3.0178  3.5403  4.0990  4.1439  3.8292  3.3865  3.0991  2.9288  2.9015  2.9628  3.1412  3.4341  3.8471  4.3064  5.0429  7.8648  8.1706  8.4764  5.5900
 12.5459  4.1244  3.2050  3.9304  4.4570  4.2964  3.6524  3.0923  2.7881  2.6092  2.5463  2.5711  2.6605  2.8340  3.1763  3.7051  4.4082  5.3367  8.4764  8.7867  9.0970
 12.8250  4.4058  3.4781  4.3233  4.8462  4.3999  3.4350  2.8258  2.5294  2.3803  2.3162  2.3017  2.3432  2.4310  2.6022  2.9155  3.4915  4.4210  5.5900  9.0970  8.7867
  9.5088 10.7165  7.7190  7.3119  7.4381  7.7744  8.0197  8.4033  8.9368  9.8044 10.3258 11.1223 11.6593 12.5091 12.9058 14.2514 15.0638 16.0748 16.1598 17.5126 17.9564
 10.7165  9.5088  8.3012  5.2668  4.4904  4.1161  3.9747  3.9324  3.9381  4.0199  4.1629  4.3113  4.4118  4.6412  4.8549  5.1548  5.3733  5.8802  6.3539  6.6672  7.3990
  7.7190  8.3012  8.0510  7.8009  4.7712  3.8168  3.4314  3.2362  3.1702  3.2251  3.3740  3.5160  3.8447  4.1504  4.6054  5.0845  5.7038  6.5236  7.3636  8.3580  9.5677
  7.3119  5.2668  7.8009  7.6910  7.5812  4.5783  3.6268  3.2758  3.1392  3.2509  3.5154  3.8466  4.3818  5.0138  5.7319  6.6208  7.5365  8.8114  9.8931 11.3477 12.7411
  7.4381  4.4904  4.7712  7.5812  7.5398  7.4984  4.5258  3.5906  3.3689  3.4602  3.8244  4.3378  5.0158  5.8742  6.7182  7.6810  8.7647  9.8164 10.9418 11.9506 13.0221
  7.7744  4.1161  3.8168  4.5783  7.4984  7.4897  7.4810  4.5186  3.7252  3.7232  4.0518  4.6825  5.4507  6.3310  7.2524  8.1286  8.9361  9.6136 10.1262 10.3358 10.3699
  8.0197  3.9747  3.4314  3.6268  4.5258  7.4810  7.5203  7.5597  4.6303  4.0957  4.2680  4.8944  5.7149  6.5808  7.4753  8.1837  8.6637  8.7714  8.5535  7.9211  7.2376
  8.4033  3.9324  3.2362  3.2758  3.5906  4.5186  7.5597  7.5445  7.5294  5.0570  4.5791  4.9908  5.8047  6.7272  7.5814  8.0784  8.2338  7.8285  7.0592  6.2194  5.5028
  8.9368  3.9381  3.1702  3.1392  3.3689  3.7252  4.6303  7.5294  8.1570  8.7845  5.5385  5.2224  5.8259  6.7751  7.6070  8.0032  7.8228  7.0866  6.1694  5.3303  4.6692
  9.8044  4.0199  3.2251  3.2509  3.4602  3.7232  4.0957  5.0570  8.7845  8.6383  8.4920  5.7163  5.7524  6.5562  7.4326  7.8985  7.6538  6.7328  5.6604  4.8257  4.2467
 10.3258  4.1629  3.3740  3.5154  3.8244  4.0518  4.2680  4.5791  5.5385  8.4920  8.6152  8.7384  6.1729  6.3671  7.2449  7.8958  7.7381  6.6962  5.5343  4.6300  4.0466
 11.1223  4.3113  3.5160  3.8466  4.3378  4.6825  4.8944  4.9908  5.2224  5.7163  8.7384  8.8907  9.0431  6.6560  7.0821  7.8082  7.9285  6.9644  5.6541  4.6461  3.9769
 11.6593  4.4118  3.8447  4.3818  5.0158  5.4507  5.7149  5.8047  5.8259  5.7524  6.1729  9.0431  9.2233  9.4035  7.2749  7.6762  8.1984  7.5963  6.0840  4.8376  4.0461
 12.5091  4.6412  4.1504  5.0138  5.8742  6.3310  6.5808  6.7272  6.7751  6.5562  6.3671  6.6560  9.4035  9.5439  9.6843  7.8707  8.2404  8.2333  6.8451  5.2457  4.2380
 12.9058  4.8549  4.6054  5.7319  6.7182  7.2524  7.4753  7.5814  7.6070  7.4326  7.2449  7.0821  7.2749  9.6843  9.9194 10.1545  8.5332  8.7228  7.9797  6.0779  4.6300
 14.2514  5.1548  5.0845  6.6208  7.6810  8.1286  8.1837  8.0784  8.0032  7.8985  7.8958  7.8082  7.6762  7.8707 10.1545 10.4820 10.8096  9.1521  9.1338  7.4376  5.3751
 15.0638  5.3733  5.7038  7.5365  8.7647  8.9361  8.6637  8.2338  7.8228  7.6538  7.7381  7.9285  8.1984  8.2404  8.5332 10.8096 11.1228 11.4361  9.9598  9.2427  6.7770
 16.0748  5.8802  6.5236  8.8114  9.8164  9.6136  8.7714  7.8285  7.0866  6.7328  6.6962  6.9644  7.5963  8.2333  8.7228  9.1521 11.4361 11.8981 12.3602 10.6858  9.0917
 16.1598  6.3539  7.3636  9.8931 10.9418 10.1262  8.5535  7.0592  6.1694  5.6604  5.5343  5.6541  6.0840  6.8451  7.9797  9.1338  9.9598 12.3602 12.9910 13.6218 11.3308
 17.5126  6.6672  8.3580 11.3477 11.9506 10.3358  7.9211  6.2194  5.3303  4.8257  4.6300  4.6461  4.8376  5.2457  6.0779  7.4376  9.2427 10.6858 13.6218 14.2508 14.8798
 17.9564  7.3990  9.5677 12.7411 13.0221 10.3699  7.2376  5.5028  4.6692  4.2467  4.0466  3.9769  4.0461  4.2380  4.6300  5.3751  6.7770  9.0917 11.3308 14.8798 14.2508
