  1.0060  1.0061  1.0086  1.0124  1.0180  1.0262  1.0382  1.0553  1.0795  1.1135  1.1599  1.2210  1.2969
  1.0061  1.0070  1.0091  1.0128  1.0183  1.0265  1.0385  1.0556  1.0798  1.1138  1.1602  1.2213  1.2971
  1.0086  1.0091  1.0120  1.0136  1.0189  1.0270  1.0389  1.0560  1.0802  1.1142  1.1606  1.2217  1.2975
  1.0124  1.0128  1.0136  1.0170  1.0202  1.0280  1.0398  1.0568  1.0810  1.1149  1.1613  1.2224  1.2982
  1.0180  1.0183  1.0189  1.0202  1.0250  1.0301  1.0413  1.0580  1.0821  1.1160  1.1624  1.2235  1.2993
  1.0262  1.0265  1.0270  1.0280  1.0301  1.0360  1.0446  1.0605  1.0842  1.1180  1.1643  1.2253  1.3011
  1.0382  1.0385  1.0389  1.0398  1.0413  1.0446  1.0550  1.0658  1.0881  1.1213  1.1674  1.2283  1.3040
  1.0553  1.0556  1.0560  1.0568  1.0580  1.0605  1.0658  1.0800  1.0968  1.1276  1.1728  1.2333  1.3088
  1.0795  1.0798  1.0802  1.0810  1.0821  1.0842  1.0881  1.0968  1.1200  1.1416  1.1830  1.2421  1.3169
  1.1135  1.1138  1.1142  1.1149  1.1160  1.1180  1.1213  1.1276  1.1416  1.1700  1.2059  1.2588  1.3311
  1.1599  1.1602  1.1606  1.1613  1.1624  1.1643  1.1674  1.1728  1.1830  1.2059  1.2500  1.2963  1.3582
  1.2210  1.2213  1.2217  1.2224  1.2235  1.2253  1.2283  1.2333  1.2421  1.2588  1.2963  1.3500  1.4196
  1.2969  1.2971  1.2975  1.2982  1.2993  1.3011  1.3040  1.3088  1.3169  1.3311  1.3582  1.4196  1.4196
  1.0000  1.0063  1.0090  1.0130  1.0190  1.0278  1.0407  1.0592  1.0858  1.1236  1.1761  1.2469  1.3373
  1.0063  1.0078  1.0095  1.0134  1.0193  1.0281  1.0409  1.0595  1.0861  1.1239  1.1764  1.2471  1.3376
  1.0090  1.0095  1.0120  1.0142  1.0199  1.0286  1.0414  1.0599  1.0865  1.1243  1.1768  1.2476  1.3380
  1.0130  1.0134  1.0142  1.0160  1.0212  1.0295  1.0422  1.0607  1.0872  1.1250  1.1775  1.2482  1.3387
  1.0190  1.0193  1.0199  1.0212  1.0250  1.0315  1.0437  1.0620  1.0884  1.1261  1.1786  1.2494  1.3398
  1.0278  1.0281  1.0286  1.0295  1.0315  1.0370  1.0469  1.0643  1.0905  1.1280  1.1805  1.2512  1.3417
  1.0407  1.0409  1.0414  1.0422  1.0437  1.0469  1.0570  1.0696  1.0944  1.1314  1.1837  1.2543  1.3447
  1.0592  1.0595  1.0599  1.0607  1.0620  1.0643  1.0696  1.0850  1.1029  1.1377  1.1891  1.2594  1.3496
  1.0858  1.0861  1.0865  1.0872  1.0884  1.0905  1.0944  1.1029  1.1200  1.1515  1.1993  1.2683  1.3580
  1.1236  1.1239  1.1243  1.1250  1.1261  1.1280  1.1314  1.1377  1.1515  1.1700  1.2221  1.2852  1.3726
  1.1761  1.1764  1.1768  1.1775  1.1786  1.1805  1.1837  1.1891  1.1993  1.2221  1.2700  1.3228  1.4004
  1.2469  1.2471  1.2476  1.2482  1.2494  1.2512  1.2543  1.2594  1.2683  1.2852  1.3228  1.3900  1.4628
  1.3373  1.3376  1.3380  1.3387  1.3398  1.3417  1.3447  1.3496  1.3580  1.3726  1.4004  1.4628  1.4628
  1.0150  1.0152  1.0211  1.0301  1.0433  1.0623  1.0895  1.1277  1.1804  1.2514  1.3430  1.4521  1.5661
  1.0152  1.0130  1.0226  1.0312  1.0442  1.0632  1.0903  1.1285  1.1812  1.2522  1.3438  1.4529  1.5668
  1.0211  1.0226  1.0280  1.0336  1.0459  1.0647  1.0917  1.1298  1.1825  1.2535  1.3451  1.4541  1.5680
  1.0301  1.0312  1.0336  1.0400  1.0497  1.0674  1.0941  1.1320  1.1846  1.2556  1.3471  1.4562  1.5699
  1.0433  1.0442  1.0459  1.0497  1.0600  1.0735  1.0985  1.1358  1.1882  1.2591  1.3505  1.4595  1.5730
  1.0623  1.0632  1.0647  1.0674  1.0735  1.0900  1.1084  1.1430  1.1944  1.2649  1.3561  1.4648  1.5780
  1.0895  1.0903  1.0917  1.0941  1.0985  1.1084  1.1300  1.1593  1.2063  1.2752  1.3656  1.4738  1.5862
  1.1277  1.1285  1.1298  1.1320  1.1358  1.1430  1.1593  1.1900  1.2329  1.2946  1.3823  1.4889  1.5998
  1.1804  1.1812  1.1825  1.1846  1.1882  1.1944  1.2063  1.2329  1.2800  1.3388  1.4142  1.5157  1.6230
  1.2514  1.2522  1.2535  1.2556  1.2591  1.2649  1.2752  1.2946  1.3388  1.4000  1.4882  1.5676  1.6647
  1.3430  1.3438  1.3451  1.3471  1.3505  1.3561  1.3656  1.3823  1.4142  1.4882  1.5900  1.6909  1.7467
  1.4521  1.4529  1.4541  1.4562  1.4595  1.4648  1.4738  1.4889  1.5157  1.5676  1.6909  1.8000  1.9465
  1.5661  1.5668  1.5680  1.5699  1.5730  1.5780  1.5862  1.5998  1.6230  1.6647  1.7467  1.9465  1.9465
  1.0150  1.0159  1.0222  1.0319  1.0461  1.0668  1.0967  1.1393  1.1992  1.2820  1.3924  1.5299  1.6829
  1.0159  1.0160  1.0237  1.0329  1.0470  1.0676  1.0975  1.1401  1.2000  1.2828  1.3932  1.5308  1.6836
  1.0222  1.0237  1.0270  1.0353  1.0487  1.0691  1.0989  1.1414  1.2013  1.2841  1.3945  1.5321  1.6849
  1.0319  1.0329  1.0353  1.0400  1.0524  1.0718  1.1012  1.1436  1.2035  1.2863  1.3967  1.5342  1.6870
  1.0461  1.0470  1.0487  1.0524  1.0600  1.0778  1.1057  1.1475  1.2071  1.2898  1.4002  1.5378  1.6904
  1.0668  1.0676  1.0691  1.0718  1.0778  1.0900  1.1154  1.1547  1.2134  1.2958  1.4060  1.5435  1.6959
  1.0967  1.0975  1.0989  1.1012  1.1057  1.1154  1.1400  1.1708  1.2254  1.3063  1.4160  1.5531  1.7050
  1.1393  1.1401  1.1414  1.1436  1.1475  1.1547  1.1708  1.2100  1.2520  1.3261  1.4334  1.5693  1.7201
  1.1992  1.2000  1.2013  1.2035  1.2071  1.2134  1.2254  1.2520  1.3100  1.3708  1.4664  1.5979  1.7458
  1.2820  1.2828  1.2841  1.2863  1.2898  1.2958  1.3063  1.3261  1.3708  1.4500  1.5424  1.6530  1.7917
  1.3924  1.3932  1.3945  1.3967  1.4002  1.4060  1.4160  1.4334  1.4664  1.5424  1.6600  1.7825  1.8816
  1.5299  1.5308  1.5321  1.5342  1.5378  1.5435  1.5531  1.5693  1.5979  1.6530  1.7825  1.8600  2.0974
  1.6829  1.6836  1.6849  1.6870  1.6904  1.6959  1.7050  1.7201  1.7458  1.7917  1.8816  2.0974  2.0974
  1.0200  1.0220  1.0302  1.0427  1.0608  1.0866  1.1229  1.1727  1.2395  1.3254  1.4284  1.5367  1.6263
  1.0220  1.0270  1.0326  1.0444  1.0622  1.0879  1.1242  1.1740  1.2407  1.3267  1.4296  1.5379  1.6273
  1.0302  1.0326  1.0370  1.0482  1.0650  1.0903  1.1264  1.1761  1.2428  1.3287  1.4316  1.5397  1.6289
  1.0427  1.0444  1.0482  1.0250  1.0710  1.0947  1.1301  1.1796  1.2462  1.3320  1.4348  1.5427  1.6314
  1.0608  1.0622  1.0650  1.0710  1.0850  1.1045  1.1373  1.1858  1.2519  1.3375  1.4400  1.5475  1.6356
  1.0866  1.0879  1.0903  1.0947  1.1045  1.1300  1.1533  1.1974  1.2620  1.3468  1.4487  1.5554  1.6424
  1.1229  1.1242  1.1264  1.1301  1.1373  1.1533  1.1800  1.2239  1.2812  1.3632  1.4634  1.5686  1.6535
  1.1727  1.1740  1.1761  1.1796  1.1858  1.1974  1.2239  1.2700  1.3250  1.3945  1.4896  1.5910  1.6721
  1.2395  1.2407  1.2428  1.2462  1.2519  1.2620  1.2812  1.3250  1.3900  1.4675  1.5403  1.6313  1.7041
  1.3254  1.3267  1.3287  1.3320  1.3375  1.3468  1.3632  1.3945  1.4675  1.5600  1.6617  1.7109  1.7623
  1.4284  1.4296  1.4316  1.4348  1.4400  1.4487  1.4634  1.4896  1.5403  1.6617  1.7600  1.9084  1.8799
  1.5367  1.5379  1.5397  1.5427  1.5475  1.5554  1.5686  1.5910  1.6313  1.7109  1.9084  1.9500  2.1830
  1.6263  1.6273  1.6289  1.6314  1.6356  1.6424  1.6535  1.6721  1.7041  1.7623  1.8799  2.1830  2.1830
  1.2000  1.0231  1.0319  1.0454  1.0652  1.0937  1.1344  1.1913  1.2696  1.3741  1.5052  1.6528  1.7879
  1.0231  1.0290  1.0343  1.0471  1.0666  1.0950  1.1357  1.1926  1.2709  1.3754  1.5066  1.6540  1.7890
  1.0319  1.0343  1.0400  1.0509  1.0693  1.0974  1.1379  1.1947  1.2731  1.3775  1.5087  1.6561  1.7908
  1.0454  1.0471  1.0509  1.0600  1.0754  1.1018  1.1417  1.1983  1.2766  1.3810  1.5121  1.6594  1.7938
  1.0652  1.0666  1.0693  1.0754  1.0900  1.1115  1.1488  1.2046  1.2825  1.3867  1.5178  1.6648  1.7986
  1.0937  1.0950  1.0974  1.1018  1.1115  1.1400  1.1648  1.2164  1.2928  1.3965  1.5271  1.6736  1.8066
  1.1344  1.1357  1.1379  1.1417  1.1488  1.1648  1.2000  1.2430  1.3124  1.4136  1.5430  1.6884  1.8196
  1.1913  1.1926  1.1947  1.1983  1.2046  1.2164  1.2430  1.2900  1.3570  1.4463  1.5711  1.7135  1.8413
  1.2696  1.2709  1.2731  1.2766  1.2825  1.2928  1.3124  1.3570  1.4300  1.5218  1.6254  1.7583  1.8786
  1.3741  1.3754  1.3775  1.3810  1.3867  1.3965  1.4136  1.4463  1.5218  1.6300  1.7539  1.8466  1.9463
  1.5052  1.5066  1.5087  1.5121  1.5178  1.5271  1.5430  1.5711  1.6254  1.7539  1.8600  2.0623  2.0822
  1.6528  1.6540  1.6561  1.6594  1.6648  1.6736  1.6884  1.7135  1.7583  1.8466  2.0623  2.2400  2.4263
  1.7879  1.7890  1.7908  1.7938  1.7986  1.8066  1.8196  1.8413  1.8786  1.9463  2.0822  2.4263  2.4263
  1.0300  1.0328  1.0446  1.0627  1.0888  1.1257  1.1772  1.2468  1.3379  1.4502  1.5743  1.6851  1.7438
  1.0328  1.0370  1.0484  1.0654  1.0911  1.1279  1.1793  1.2489  1.3399  1.4522  1.5762  1.6868  1.7451
  1.0446  1.0484  1.0600  1.0714  1.0954  1.1316  1.1828  1.2523  1.3433  1.4555  1.5793  1.6895  1.7472
  1.0627  1.0654  1.0714  1.0850  1.1052  1.1387  1.1889  1.2580  1.3488  1.4608  1.5843  1.6939  1.7507
  1.0888  1.0911  1.0954  1.1052  1.1200  1.1546  1.2005  1.2681  1.3582  1.4697  1.5925  1.7011  1.7563
  1.1257  1.1279  1.1316  1.1387  1.1546  1.1800  1.2267  1.2872  1.3747  1.4847  1.6062  1.7129  1.7656
  1.1772  1.1793  1.1828  1.1889  1.2005  1.2267  1.2800  1.3311  1.4064  1.5115  1.6296  1.7327  1.7808
  1.2468  1.2489  1.2523  1.2580  1.2681  1.2872  1.3311  1.4000  1.4801  1.5633  1.6715  1.7665  1.8063
  1.3379  1.3399  1.3433  1.3488  1.3582  1.3747  1.4064  1.4801  1.5800  1.6872  1.7541  1.8281  1.8506
  1.4502  1.4522  1.4555  1.4608  1.4697  1.4847  1.5115  1.5633  1.6872  1.8400  1.9591  1.9526  1.9324
  1.5743  1.5762  1.5793  1.5843  1.5925  1.6062  1.6296  1.6715  1.7541  1.9591  2.1600  2.2761  2.1023
  1.6851  1.6868  1.6895  1.6939  1.7011  1.7129  1.7327  1.7665  1.8281  1.9526  2.2761  2.4000  2.5647
  1.7438  1.7451  1.7472  1.7507  1.7563  1.7656  1.7808  1.8063  1.8506  1.9324  2.1023  2.5647  2.5647
  1.0300  1.0344  1.0474  1.0670  1.0958  1.1371  1.1958  1.2772  1.3873  1.5296  1.6973  1.8623  1.9706
  1.0344  1.0400  1.0511  1.0697  1.0981  1.1393  1.1979  1.2793  1.3895  1.5318  1.6994  1.8643  1.9722
  1.0474  1.0511  1.0600  1.0757  1.1025  1.1431  1.2014  1.2828  1.3930  1.5353  1.7029  1.8674  1.9748
  1.0670  1.0697  1.0757  1.0900  1.1121  1.1502  1.2077  1.2887  1.3987  1.5410  1.7085  1.8726  1.9790
  1.0958  1.0981  1.1025  1.1121  1.1400  1.1660  1.2194  1.2990  1.4085  1.5506  1.7177  1.8809  1.9860
  1.1371  1.1393  1.1431  1.1502  1.1660  1.2000  1.2457  1.3185  1.4258  1.5667  1.7330  1.8948  1.9973
  1.1958  1.1979  1.2014  1.2077  1.2194  1.2457  1.3000  1.3632  1.4588  1.5955  1.7591  1.9179  2.0161
  1.2772  1.2793  1.2828  1.2887  1.2990  1.3185  1.3632  1.4500  1.5349  1.6509  1.8057  1.9576  2.0475
  1.3873  1.3895  1.3930  1.3987  1.4085  1.4258  1.4588  1.5349  1.6600  1.7818  1.8972  2.0293  2.1019
  1.5296  1.5318  1.5353  1.5410  1.5506  1.5667  1.5955  1.6509  1.7818  1.9000  2.1213  2.1735  2.2022
  1.6973  1.6994  1.7029  1.7085  1.7177  1.7330  1.7591  1.8057  1.8972  2.1213  2.3200  2.5423  2.4086
  1.8623  1.8643  1.8674  1.8726  1.8809  1.8948  1.9179  1.9576  2.0293  2.1735  2.5423  2.7500  2.9611
  1.9706  1.9722  1.9748  1.9790  1.9860  1.9973  2.0161  2.0475  2.1019  2.2022  2.4086  2.9611  2.9611
  1.0500  1.0501  1.0662  1.0904  1.1243  1.1699  1.2293  1.3020  1.3840  1.4639  1.5213  1.5317  1.4824
  1.0501  1.0600  1.0732  1.0954  1.1285  1.1738  1.2330  1.3055  1.3873  1.4669  1.5237  1.5334  1.4835
  1.0662  1.0732  1.0900  1.1067  1.1366  1.1807  1.2393  1.3113  1.3926  1.4716  1.5275  1.5361  1.4851
  1.0904  1.0954  1.1067  1.1200  1.1548  1.1937  1.2503  1.3213  1.4016  1.4793  1.5337  1.5405  1.4878
  1.1243  1.1285  1.1366  1.1548  1.1800  1.2236  1.2714  1.3388  1.4168  1.4922  1.5439  1.5477  1.4922
  1.1699  1.1738  1.1807  1.1937  1.2236  1.2700  1.3206  1.3728  1.4440  1.5143  1.5609  1.5596  1.4995
  1.2293  1.2330  1.2393  1.2503  1.2714  1.3206  1.3700  1.4541  1.4977  1.5545  1.5906  1.5797  1.5115
  1.3020  1.3055  1.3113  1.3213  1.3388  1.3728  1.4541  1.5300  1.6297  1.6351  1.6448  1.6146  1.5317
  1.3840  1.3873  1.3926  1.4016  1.4168  1.4440  1.4977  1.6297  1.7300  1.8422  1.7566  1.6796  1.5673
  1.4639  1.4669  1.4716  1.4793  1.4922  1.5143  1.5545  1.6351  1.8422  1.9500  2.0604  1.8177  1.6348
  1.5213  1.5237  1.5275  1.5337  1.5439  1.5609  1.5906  1.6448  1.7566  2.0604  2.1400  2.2151  1.7812
  1.5317  1.5334  1.5361  1.5405  1.5477  1.5596  1.5797  1.6146  1.6796  1.8177  2.2151  2.2150  2.2227
  1.4824  1.4835  1.4851  1.4878  1.4922  1.4995  1.5115  1.5317  1.5673  1.6348  1.7812  2.2227  2.2227
  1.0500  1.0532  1.0712  1.0984  1.1371  1.1906  1.2625  1.3544  1.4644  1.5812  1.6777  1.7153  1.6658
  1.0532  1.0600  1.0782  1.1035  1.1415  1.1946  1.2663  1.3582  1.4681  1.5845  1.6806  1.7175  1.6672
  1.0712  1.0782  1.0900  1.1147  1.1496  1.2017  1.2729  1.3645  1.4741  1.5900  1.6853  1.7210  1.6694
  1.0984  1.1035  1.1147  1.1400  1.1680  1.2150  1.2844  1.3751  1.4840  1.5990  1.6929  1.7267  1.6730
  1.1371  1.1415  1.1496  1.1680  1.2000  1.2454  1.3064  1.3938  1.5009  1.6140  1.7054  1.7360  1.6790
  1.1906  1.1946  1.2017  1.2150  1.2454  1.3000  1.3571  1.4300  1.5310  1.6397  1.7263  1.7513  1.6887
  1.2625  1.2663  1.2729  1.2844  1.3064  1.3571  1.4200  1.5157  1.5900  1.6861  1.7625  1.7772  1.7048
  1.3544  1.3582  1.3645  1.3751  1.3938  1.4300  1.5157  1.6100  1.7333  1.7786  1.8286  1.8222  1.7321
  1.4644  1.4681  1.4741  1.4840  1.5009  1.5310  1.5900  1.7333  1.8500  2.0128  1.9636  1.9057  1.7799
  1.5812  1.5845  1.5900  1.5990  1.6140  1.6397  1.6861  1.7786  2.0128  2.1600  2.3250  2.0817  1.8703
  1.6777  1.6806  1.6853  1.6929  1.7054  1.7263  1.7625  1.8286  1.9636  2.3250  2.4500  2.5806  2.0655
  1.7153  1.7175  1.7210  1.7267  1.7360  1.7513  1.7772  1.8222  1.9057  2.0817  2.5806  2.6100  2.6463
  1.6658  1.6672  1.6694  1.6730  1.6790  1.6887  1.7048  1.7321  1.7799  1.8703  2.0655  2.6463  2.6463
  1.0700  1.0719  1.0934  1.1255  1.1694  1.2266  1.2973  1.3770  1.4556  1.5143  1.5296  1.4856  1.3923
  1.0719  1.0900  1.1046  1.1335  1.1762  1.2328  1.3030  1.3823  1.4602  1.5181  1.5323  1.4873  1.3932
  1.0934  1.1046  1.1300  1.1515  1.1891  1.2437  1.3127  1.3911  1.4679  1.5242  1.5367  1.4900  1.3946
  1.1255  1.1335  1.1515  1.1800  1.2185  1.2645  1.3300  1.4060  1.4805  1.5343  1.5438  1.4944  1.3969
  1.1694  1.1762  1.1891  1.2185  1.2600  1.3130  1.3634  1.4327  1.5023  1.5511  1.5556  1.5016  1.4006
  1.2266  1.2328  1.2437  1.2645  1.3130  1.3700  1.4432  1.4854  1.5417  1.5803  1.5755  1.5135  1.4068
  1.2973  1.3030  1.3127  1.3300  1.3634  1.4432  1.5000  1.6159  1.6215  1.6342  1.6103  1.5337  1.4171
  1.3770  1.3823  1.3911  1.4060  1.4327  1.4854  1.6159  1.7000  1.8269  1.7452  1.6750  1.5691  1.4345
  1.4556  1.4602  1.4679  1.4805  1.5023  1.5417  1.6215  1.8269  1.9300  2.0479  1.8125  1.6360  1.4652
  1.5143  1.5181  1.5242  1.5343  1.5511  1.5803  1.6342  1.7452  2.0479  2.1100  2.2112  1.7818  1.5241
  1.5296  1.5323  1.5367  1.5438  1.5556  1.5755  1.6103  1.6750  1.8125  2.2112  2.2200  2.2280  1.6545
  1.4856  1.4873  1.4900  1.4944  1.5016  1.5135  1.5337  1.5691  1.6360  1.7818  2.2280  2.1400  2.0664
  1.3923  1.3932  1.3946  1.3969  1.4006  1.4068  1.4171  1.4345  1.4652  1.5241  1.6545  2.0664  2.0664
